894
247
492
1174
717
379
175
1133
334
1117
1011
946
697
627
600
488
1182
1014
491
774
817
815
482
266
1186
76
403
483
746
69
404
378
380
373
796
120
476
534
529
386
1237
849
1155
1002
818
930
877
1128
465
903
1028
1080
1234
112
392
333
916
835
831
641
811
1051
1219
37
165
802
339
148
721
318
910
260
395
97
634
871
151
843
38
1216
444
846
1211
605
1162
825
302
1041
131
920
705
1169
261
912
1064
670
997
14
346
370
210
644
1134
174
693
898
211
1004
995
203
114
445
798
882
319
1126
690
943
562
71
280
1196
5
1091
761
547
3
242
879
235
33
515
1027
630
220
413
109
719
549
228
653
896
988
819
838
358
1061
183
447
171
1170
504
1160
771
764
713
1176
671
866
385
895
498
1151
313
22
304
1214
612
81
204
485
628
342
344
620
833
11
643
481
103
234
387
568
225
1016
435
956
341
417
289
224
1208
28
736
439
99
779
964
518
1083
1236
1015
530
314
933
88
284
1122
457
821
116
322
371
293
501
904
258
67
323
305
283
797
739
107
961
767
1048
945
985
741
911
726
170
98
433
182
927
48
1102
1131
706
1066
968
218
105
1166
65
55
923
642
869
966
1005
118
989
622
472
377
139
108
597
1195
545
728
711
812
307
649
399
991
1138
559
957
1139
814
756
207
279
1194
646
565
502
1185
787
765
897
1188
937
852
128
111
573
632
1206
731
1183
135
1076
360
570
194
449
1149
278
274
596
566
1156
782
655
1193
487
959
949
935
424
710
272
969
657
1167
294
317
254
141
144
91
124
241
768
709
236
1107
936
495
1200
248
187
127
1039
1096
320
140
890
296
588
366
856
535
347
129
268
978
90
4
607
629
754
429
1081
647
1113
794
1071
738
526
470
1026
1073
63
689
865
511
860
24
543
971
1201
606
1082
419
691
1078
286
1231
1119
110
291
355
217
614
652
206
1035
1172
887
914
589
1218
102
145
106
665
525
152
732
998
64
39
480
973
418
190
960
924
658
987
18
901
1158
840
1019
357
790
624
411
466
375
292
1228
874
401
662
1238
79
469
222
1135
540
673
1205
176
853
58
809
766
631
1106
219
791
425
1163
420
680
382
508
1222
1165
104
1044
438
1173
676
572
324
830
623
155
1136
864
484
416
928
273
1142
553
1213
807
556
875
301
586
394
490
758
1209
575
1161
733
1008
1050
312
867
421
926
591
436
233
126
587
1137
336
885
223
398
83
1120
388
984
138
685
574
1112
1171
101
205
892
431
1210
748
337
1056
822
722
13
1052
561
92
74
1199
1115
564
1159
1215
185
164
999
951
59
625
1157
121
760
494
306
1178
571
246
536
1104
785
1223
1230
803
913
287
451
950
448
755
193
430
414
31
460
1207
475
60
881
489
1125
955
918
1181
441
1037
858
962
1203
585
192
455
1175
602
221
66
870
1168
230
1047
599
1192
1197
704
1012
576
288
993
1202
963
669
1085
122
243
810
265
415
137
226
749
150
844
635
397
931
437
975
965
684
1145
522
563
661
462
716
496
471
850
297
1148
1
147
142
538
440
1070
1140
707
922
1177
577
1059
552
523
954
422
427
633
85
906
463
567
776
648
584
1075
179
1233
751
745
740
62
143
744
786
795
742
1034
89
527
201
532
231
1067
77
1103
1179
845
915
1040
899
499
1204
1049
7
1146
694
730
986
269
52
982
311
541
944
1121
189
1224
8
1093
454
667
1164
497
878
335
208
610
244
173
1099
453
905
1143
1042
520
902
